7.26201	7.3046	7.31314	7.29755	7.29105	7.28772	7.25483	7.2858	7.29209	7.26645	
81.2422	81.1839	80.878	81.3623	81.4477	81.1548	81.0222	81.238	81.2086	81.2437	
158.313	157.672	157.959	157.645	157.09	157.451	157.108	157.183	156.87	157.01	
237.863	237.086	236.947	236.73	236.755	236.461	235.765	235.829	234.994	234.846	
321.559	320.272	319.901	318.621	319.052	318.96	318.01	317.115	317.056	315.921	
410.08	408.888	409.754	407.495	406.781	405.479	403.953	402.81	401.189	400.096	
504.394	503.036	501.978	499.907	498.478	496.863	494.581	492.317	490.232	487.168	
605.025	603.919	600.565	600.153	596.186	593.868	589.698	586.285	581.96	577.077	
714.918	712.233	707.424	704.214	700.12	695.794	690.356	684.795	677.873	670.968	
831.171	827.496	822.46	816.654	811.262	803.582	796.136	787.907	777.248	767.564	
959.769	953.589	947.106	938.793	929.508	918.435	908.554	895.887	882.86	867.4	
1097.27	1090.09	1081.72	1069.81	1055.8	1041.83	1026.39	1007.62	989.74	969.159	
1249.89	1238.77	1225.87	1210.41	1191.22	1172.91	1150.5	1125.97	1100.33	1073.1	
1426.66	1399.13	1382.02	1361.82	1338.49	1309.32	1278.87	1245.74	1212.58	1175.42	
1608.04	1577.79	1553.99	1524.5	1492.14	1454.85	1414.19	1370.76	1325.06	1277.67	
1796.62	1770.82	1741.48	1701.13	1656.87	1607.91	1553.73	1496.64	1437.31	1376.26	
2019.49	1980.03	1940.27	1890.13	1831.01	1766.51	1694.77	1622.69	1545.95	1469.52	
2249.36	2213.59	2157.34	2094.8	2015.51	1929.99	1839.45	1745.39	1650.66	1555.55	
2524.31	2464.21	2393.39	2307.11	2206.38	2096.6	1982.19	1863.39	1745.95	1631.77	
2812.39	2744.36	2651.12	2538.38	2406.21	2264.22	2120.15	1974.16	1831.28	1692.94	
3153.3	3045.68	2921.77	2778.35	2607.6	2430.32	2250.05	2070.6	1901.93	1739.4	
3480.18	3371.55	3216.85	3025.97	2816.41	2594.03	2371.36	2156.6	1955.84	1770.4	
3871.09	3731.35	3534.51	3290.1	3020.91	2744.62	2478.49	2225.3	1991.93	1782.18	
4309.17	4123.89	3863.88	3555.71	3219.38	2884.54	2565.52	2272.17	2007.82	1771.62	
4768.07	4547.41	4220.57	3824.15	3409.24	3004.68	2628.8	2295.51	2000.97	1743.69	
5298.01	5009.6	4587.32	4089.14	3580.43	3100.65	2670.42	2296.07	1971.39	1696.79	
5879.88	5511.38	4968.51	4349.1	3734.78	3172.61	2684.62	2269.51	1921.21	1631.75	
6515.73	6044.68	5358.41	4590.89	3861.42	3213.85	2669.42	2218.53	1849.76	1549.15	
7225.86	6622.19	5749.37	4815.86	3952.9	3223.39	2625.32	2144.62	1762.83	1456.22	
7987.51	7232.84	6137.22	5005.7	4009.17	3198.56	2553.3	2049.58	1659.61	1352.85	
8842.11	7883.81	6513.81	5164.04	4027.67	3134.27	2453.47	1936.99	1543.88	1244.31	
9781.9	8563.29	6866.52	5276.46	4000.76	3043.44	2333.58	1811.18	1422.94	1132.17	
10833.9	9277.97	7188.55	5338.19	3934.18	2917.27	2191.91	1672.58	1296.14	1020.33	
11967.6	10009.5	7465.62	5348.97	3824.7	2769.17	2036.77	1529.66	1170.28	910.779	
13247.5	10755.1	7686.01	5303.84	3673.1	2596.28	1875.81	1385.53	1046.97	807.439	
14643.4	11495.8	7843.6	5198.41	3492.25	2406.38	1705.83	1243.33	930.943	711.367	
16166.2	12214.3	7927.18	5043.72	3281.12	2210.99	1540.57	1107	820.379	622.453	
17873.6	12914.8	7931.72	4837.17	3050.23	2009.26	1376.58	979.177	719.083	542.714	
19738.4	13551.6	7851.46	4583.39	2807.88	1808.9	1221.79	859.983	627.688	471.331	
21794.3	14119.9	7694.92	4301.23	2558.13	1615.36	1078.27	753.175	544.941	408.634	
24047.9	14591.4	7453.47	3987.7	2307.92	1432.85	945.003	656.582	473.402	353.888	
26515	14948.3	7134.48	3664.87	2066.11	1264.01	825.225	570.385	411.302	305.963	
29254	15172.4	6760.98	3333.94	1835.6	1107.09	718.203	494.713	355.314	265.454	
32224	15249.1	6335.33	3000.22	1619.73	966.102	624.262	427.942	308.403	230.046	
35487.7	15164.6	5868.27	2682.15	1420.94	841.55	542.636	371.192	267.509	200.647	
39066.2	14930.3	5384.82	2383.69	1243.9	731.5	469.72	322.527	232.579	174.553	
43007.6	14528.1	4893.3	2100.42	1085.07	636.388	408.188	280.53	203.032	152.826	
47240.9	13990.5	4408.61	1842.96	944.155	551.822	356.203	244.739	178.209	134.386	
51921.6	13327.4	3938.58	1611.88	819.698	480.927	309.9	215.206	156.425	118.579	
56932	12547.8	3499.41	1406.45	713.21	419.714	271.433	188.311	138.034	105.427	
62402.8	11697.2	3083.93	1223.93	620.714	365.977	238.435	167.137	122.452	94.2343	
68263.6	10782.3	2707.36	1065.22	542.296	321.138	210.352	147.775	109.163	83.8657	
74557.2	9841.56	2369.01	928.254	473.701	282.575	186.364	132.457	97.7602	75.5265	
81283.9	8908.54	2067.07	811.413	417.485	250.002	166.157	118.412	88.4018	68.3747	
88416.7	7991.64	1801.85	708.929	367.089	222.155	149.02	106.821	80.2142	62.4078	
95924.8	7116.92	1571.35	621.693	325.067	198.164	134.104	96.412	72.3204	56.8873	
103614	6299.97	1369.47	545.946	288.208	178.513	120.679	87.7756	66.0713	51.9818	
111626	5545.45	1196.14	482.383	257.31	160.23	109.563	79.5547	60.5183	47.881	
119872	4865.3	1049.16	428.514	231.134	145.225	99.885	73.0103	55.7373	44.1586	
127936	4254.3	920.579	381.798	208.075	131.951	91.7232	67.1383	51.4781	40.893	
135867	3714.25	812.941	340.937	189.005	120.464	84.3954	62.2852	47.8122	38.2026	
143491	3237.52	718.647	306.757	172.162	111.127	77.7067	57.3622	44.2941	35.4871	
150437	2825.94	637.357	277.225	157.064	102.106	72.1149	53.2957	41.3962	33.1296	
156666	2468.97	569.269	252.199	143.9	94.1022	67.021	50.1944	38.6443	31.0755	
161771	2165.19	510.853	230.298	132.773	87.3538	62.1423	46.6937	36.1348	29.119	
165635	1901.86	460.549	210.077	123.141	81.4452	58.3503	43.773	33.9444	27.3564	
168025	1675.58	418.283	193.007	114.08	76.0582	54.5656	41.0607	31.9182	25.7185	
168817	1478.79	380.806	178.908	105.553	70.8568	50.7117	38.685	30.327	24.3606	
167855	1314.37	346.317	165.207	99.1505	66.3869	48.0844	36.4259	28.2749	23.0206	
165128	1173.65	317.688	153.429	92.4277	62.351	44.8976	34.3817	26.9201	21.7738	
160792	1055.28	292.127	142.704	86.3466	58.7465	42.3295	32.347	25.4162	20.5474	
154695	947.33	269.221	133.208	81.0909	55.1115	40.0039	30.5456	23.8655	19.4577	
147346	858.72	250.701	124.629	76.2939	51.936	37.6735	29.0009	22.8025	18.4595	
138745	780.442	232.908	117.6	71.9223	49.0955	35.7916	27.4088	21.5284	17.4861	
129283	714.738	216.925	109.676	67.6278	46.6052	33.8618	25.6956	20.3856	16.4084	
119182	653.877	202.736	102.926	63.8495	43.922	32.2492	24.3511	19.4198	15.7108	
108836	600.891	189.901	97.7419	60.3983	41.4904	30.4605	23.2848	18.3336	14.913	
98480.5	555.292	178.14	91.6273	57.4737	39.3442	28.8021	21.8862	17.528	14.1672	
88408.1	516.188	167.398	86.8097	54.4477	37.3323	27.4114	20.7654	16.4445	13.4528	
78799.4	476.838	158.101	81.8202	51.2885	35.5217	25.9208	19.6919	15.6901	12.7452	
69784.5	447.864	148.32	77.271	48.6911	33.3908	24.568	18.6941	14.7648	12.108	
61499.5	416.322	140.683	73.5133	46.1183	31.7313	23.4261	17.7439	14.2171	11.4877	
53978.6	390.973	132.745	69.6353	43.8895	30.1474	22.1573	16.8669	13.5057	10.8558	
47251.9	366.232	125.622	66.3831	41.7034	28.7615	21.1474	16.0636	12.6579	10.2805	
41308.4	344.359	118.796	62.6615	39.4558	27.3115	20.0186	15.268	12.0393	9.7874	
36061.5	323.538	112.694	59.5764	37.3594	25.8575	19.0186	14.4913	11.5802	9.30359	
31541.1	305.265	106.66	56.4748	35.386	24.5483	17.9711	13.791	11.0485	8.87752	
27598.7	289.165	101.152	53.5491	33.6834	23.342	17.2558	13.1084	10.4699	8.40281	
24211.5	272.693	96.2799	50.9622	32.1043	22.2406	16.3706	12.4545	9.9605	8.10756	
21278.9	257.34	91.1047	48.4024	30.5695	21.056	15.3514	11.8357	9.46136	7.60654	
18788.8	244.155	86.4419	46.1803	29.0657	19.9426	14.6325	11.2607	8.99152	7.23612	
16645.5	230.837	82.1888	43.6776	27.6547	18.9877	13.8808	10.7034	8.5074	6.8875	
14816.2	218.146	78.3363	41.8031	26.2907	18.1114	13.2222	10.1837	8.05371	6.52016	
13246.9	207.597	74.4186	39.6095	24.9572	17.2075	12.7536	9.68518	7.66357	6.2371	
11886.9	196.439	70.8624	37.6434	23.697	16.3304	11.9843	9.29657	7.28902	5.9753	
10743.4	187.308	66.9447	35.8888	22.553	15.4977	11.3909	8.75144	6.93354	5.68959	
9738.6	177.524	63.8846	34.0045	21.4378	14.8311	10.7923	8.391	6.6389	5.40536	
8867.9	168.735	60.604	32.4624	20.4537	13.9946	10.2749	7.92838	6.26884	5.13375	
8097.33	159.99	57.6737	30.7898	19.3288	13.3898	9.77474	7.54749	5.97158	4.89204	
7445.81	151.864	54.9172	29.1202	18.3707	12.7964	9.39894	7.16999	5.68118	4.63364	
