36160.3	84804.5	130085
31238.5	69562.4	92851.5
25904.9	54507.2	67784.3
20994.4	42097.8	50693.4
16829.4	32470.3	38668.7
13448.4	25223.7	29977.3
10817.9	19799.4	23570.6
8769.01	15725.5	18772.7
7188.6	12630.1	15122.6
5939.04	10267.7	12314
4979.32	8447.5	10129
4208.45	7017.25	8410.6
3601.17	5890.01	7040.45
3104.86	4989.03	5943.73
2700.38	4267.35	5055.8
2367.85	3678.98	4330.88
2093.81	3191.77	3733.57
1860.46	2790.7	3238.55
1669.37	2450.52	2825.98
1500.75	2170.48	2478.48
1366.62	1930.51	2184.95
1239.14	1728.98	1934.89
1128.63	1553.26	1720.92
1034.64	1399.99	1537.03
952.577	1267.9	1377.68
885.539	1153.4	1240.22
817.418	1052.74	1119.81
758.669	964.166	1014.75
711.778	889.541	921.832
662.677	818.078	839.86
624.189	757.61	767.6
582.843	701.292	703.318
551.937	652.517	645.766
518.173	606.973	594.756
488.926	566.329	548.41
466.689	530.676	507.231
439.166	496.648	469.883
418.141	466.908	435.935
397.171	438.62	405.317
380.444	414.511	377.623
360.706	390.692	352.341
344.951	369.775	329.208
330.479	350.213	308.023
315.182	331.923	288.63
302.459	315.09	271.198
288.704	298.691	254.816
279.936	284.327	239.869
266.444	270.63	226.173
258.842	258.668	213.281
246.804	246.573	201.352
238.473	235.474	190.337
229.702	225.742	180.352
221.92	215.759	170.796
214.773	207.504	161.929
207.219	198.933	153.862
201.929	190.797	146.241
193.973	183.034	139.079
187.647	175.888	132.365
181.724	169.807	126.043
177.357	162.828	120.14
170.162	157.701	114.636
166.338	151.045	109.467
160.153	145.87	104.702
155.489	141.549	99.9706
151.239	135.977	95.8484
146.914	131.478	91.7617
142.834	127.744	87.9228
140.02	123.629	84.2369
135.173	119.195	80.9011
131.659	115.17	77.5686
128.359	111.805	74.5824
125.124	108.699	71.748
121.966	105.565	68.9136
119.151	102.617	66.3313
116.348	98.9929	63.7976
113.549	96.1329	61.474
110.7	94.2305	59.247
108.33	90.8935	57.1768
106.871	88.6413	55.1079
103.677	85.8149	53.179
100.708	84.2704	51.3726
98.5509	82.0633	49.5902
96.6218	79.6554	47.9289
94.3904	77.5299	46.2379
92.3808	75.3838	44.7872
90.5369	73.2719	43.3346
88.562	72.148	41.8749
86.7208	70.374	40.5888
84.8333	68.5123	39.3137
83.1203	66.5368	38.1002
81.3864	65.371	36.9393
79.8993	63.5926	35.8227
78.1808	62.0508	34.7361
76.8606	61.0382	33.7305
76.0411	59.5405	32.6963
74.5036	58.1568	31.7854
72.6925	56.8134	30.829
71.9046	55.6157	29.985
69.8987	54.4593	29.1221
68.912	53.204	28.2415
67.6235	52.1727	27.486
66.6685	51.216	26.7782
65.5547	49.9026	26.0782
64.2699	48.8506	25.3222
62.9595	47.8491	24.661
61.9789	46.8868	24.0302
60.6278	46.0112	23.3712
60.0619	45.2127	22.7321
59.0805	44.1697	22.1639
57.1886	43.5197	21.5993
57.0552	42.7624	21.0628
55.8245	41.7658	20.542
55.2988	40.9133	20.0079
54.392	40.3073	19.5416
53.2613	39.3895	19.0521
52.5957	38.5248	18.5823
51.7875	38.1546	18.1703
51.1558	37.2251	17.732
50.1435	36.771	17.338
48.9991	36.0016	16.9249
48.6358	35.4352	16.5156
47.8809	34.7693	16.1695
46.3549	34.0838	15.7877
46.1712	33.5099	15.4402
45.784	33.0166	15.1017
44.8673	32.5098	14.7647
44.2547	31.8358	14.4197
43.3203	31.4529	14.1372
43.0399	30.747	13.815
42.52	30.5618	13.4956
41.7627	30.0421	13.2103
41.4001	29.5111	12.9467
40.8926	29.0455	12.6776
40.4	28.6032	12.3937
39.5639	28.0186	12.1373
39.1484	27.5803	11.8881
38.1577	27.1955	11.6616
37.5127	26.7277	11.4348
37.34	26.2845	11.2153
36.8827	26.0342	10.9649
36.0934	25.67	10.7231
35.9959	25.1944	10.5399
35.3059	24.7714	10.3539
34.8612	24.5912	10.1448
34.5721	24.0419	9.88809
34.1305	23.6724	9.70581
33.5509	23.4298	9.57017
33.1702	23.0812	9.38842
32.8624	22.6574	9.20615
32.4228	22.3587	9.06944
32.104	22.0261	8.85569
31.7474	21.8382	8.69676
31.1682	21.5436	8.54703
30.765	21.1884	8.3851
30.4766	20.9729	8.22065
30.0096	20.5867	8.08364
29.6678	20.3424	7.95399
29.3002	20.1655	7.79879
29.0511	19.8737	7.67183
28.7525	19.6141	7.5433
28.374	19.3186	7.40871
28.0353	19.0372	7.28452
27.5981	18.8349	7.16074
27.4898	18.4956	7.04913
27.0209	18.239	6.93922
26.6968	18.0298	6.8353
26.4037	17.8299	6.71096
26.1121	17.6108	6.59289
25.8568	17.4668	6.48265
25.6419	17.1217	6.36621
25.3234	17.0052	6.25601
25.0762	16.775	6.15695
24.7875	16.6094	6.05884
24.6523	16.2745	5.96258
24.2754	16.1726	5.87437
23.9283	16.0139	5.77433
23.7693	15.8098	5.69041
23.4268	15.6024	5.60264
23.3574	15.3935	5.5188
23.0867	15.2482	5.43181
22.7484	15.0053	5.34557
22.4526	14.8217	5.26367
22.3992	14.6657	5.18256
22.1269	14.5248	5.10485
21.7985	14.3007	5.02468
21.7172	14.093	4.93707
21.2934	13.9751	4.86746
21.188	13.8609	4.80168
21.0797	13.7082	4.73936
20.853	13.5277	4.66882
20.5923	13.4205	4.59713
20.246	13.2378	4.53636
20.0324	13.0858	4.46778
19.8589	12.9415	4.3917
19.7261	12.8089	4.3446
19.4066	12.7063	4.26991
19.2316	12.5053	4.21028
19.2079	12.372	4.16224
18.8872	12.2554	4.09556
18.7171	12.1265	4.03976
18.7035	11.975	3.97804
18.4053	11.8807	3.91656
18.229	11.7446	3.88899
18.0317	11.6271	3.81244
17.8503	11.5362	3.76271
17.6723	11.4042	3.71298
17.5162	11.2512	3.66177
17.3669	11.1474	3.61259
17.2171	10.9846	3.5755
17.0633	10.8939	3.52482
16.8977	10.7416	3.47166
16.7256	10.638	3.4312
16.507	10.5971	3.38608
16.4777	10.4333	3.3412
16.4436	10.3237	3.30828
16.1077	10.2382	3.26689
16.2058	10.1545	3.21759
15.9645	10.0693	3.17767
15.7655	9.96223	3.14392
15.6402	9.92213	3.10194
15.5717	9.75219	3.05834
15.4349	9.71689	3.01737
15.2651	9.57923	2.98436
15.0512	9.53239	2.9623
14.892	9.41118	2.91212
14.7632	9.31151	2.88029
14.6137	9.24227	2.85053
14.4949	9.10689	2.79647
14.3931	9.01866	2.77602
14.2662	8.96673	2.73499
14.3039	8.93412	2.70085
13.9821	8.77184	2.68346
13.8625	8.73166	2.65466
13.7458	8.62843	2.60816
13.6853	8.53936	2.574
13.5965	8.44648	2.54888
13.4852	8.38465	2.5185
13.3711	8.31807	2.47918
13.2728	8.2189	2.45927
13.1624	8.22365	2.42742
13.0423	8.09847	2.40284
12.9488	8.03522	2.37405
12.9261	7.94668	2.34435
12.7213	7.88188	2.32489
12.7004	7.81941	2.29402
12.6134	7.7399	2.27008
12.4333	7.70509	2.24437
12.4335	7.60195	2.22116
12.3398	7.55069	2.19271
12.2215	7.51022	2.16492
11.9906	7.41782	2.14337
11.9996	7.38681	2.11787
11.964	7.31379	2.09718
11.8256	7.20522	2.07182
11.7649	7.1628	2.05452
11.6683	7.1156	2.02197
11.6273	7.05255	1.99925
11.4574	6.99195	1.97609
11.3133	6.9736	1.95735
11.2322	6.89867	1.93722
11.1853	6.84335	1.92069
11.03	6.78982	1.90479
10.9763	6.69596	1.88485
10.8987	6.65238	1.86349
10.8084	6.61804	1.84636
10.7234	6.54744	1.82178
10.6526	6.51362	1.80497
10.6114	6.42638	1.78448
10.4814	6.33383	1.76565
10.3939	6.31371	1.7532
10.3484	6.26211	1.73317
10.2308	6.24696	1.71615
10.2762	6.1914	1.70298
10.1845	6.15523	1.6841
10.1038	6.08044	1.66542
10.0077	6.04984	1.65058
9.98103	5.96158	1.62648
9.84485	5.91025	1.61156
9.78612	5.86068	1.59596
9.71175	5.85369	1.58003
9.66157	5.83015	1.56179
9.55643	5.7345	1.54628
9.50462	5.71195	1.53301
9.43067	5.67138	1.52256
9.36519	5.60463	1.50519
9.27256	5.58076	1.49422
9.20872	5.52405	1.47716
9.13515	5.50759	1.46663
9.07153	5.45568	1.44858
9.00821	5.44613	1.43527
8.94751	5.34599	1.42187
8.89672	5.34432	1.40831
8.8533	5.30462	1.39302
8.79984	5.28497	1.38526
8.73509	5.21978	1.36563
8.74076	5.19784	1.35657
8.71302	5.15231	1.34447
8.56658	5.0499	1.33117
8.51111	5.06239	1.31778
8.45934	5.04231	1.30336
