28957.684896
27953.625394
26730.736966
25345.000946
23852.277525
22299.299874
20757.262001
19245.544148
17801.507463
16439.209757
15156.334606
13968.738182
12863.210550
11849.205791
10924.119332
10068.210632
9296.366200
8584.874152
7936.482518
7342.406347
6797.847714
6303.759949
5854.790309
5439.308781
5063.385394
4711.572142
4397.729250
4103.604642
3836.228695
3592.476342
3366.058998
3155.218464
2963.240675
2784.095382
2620.656958
2466.827056
2326.443590
2195.791299
2073.270921
1962.524044
1857.406765
1760.389489
1668.820842
1582.742621
1502.874779
1427.868753
1359.072989
1293.453139
1233.133971
1175.095544
1121.839483
1071.067442
1024.832735
978.407781
936.855147
897.390276
860.244190
823.832519
791.269216
759.813515
728.091716
700.964076
672.845787
648.532443
624.376011
600.275752
579.197603
558.930466
538.683466
519.042417
501.335178
484.746076
467.279725
452.810378
436.965610
422.794857
409.208924
396.229932
384.607197
371.668571
360.863106
350.262212
339.167607
328.799964
319.234483
310.780531
301.566168
293.598132
284.400264
276.630352
269.749082
261.500026
254.576679
247.755353
241.798319
235.381885
229.109649
223.488197
217.923948
212.616696
207.469076
202.138656
196.912715
192.280293
187.886091
183.446534
179.065561
175.169466
170.967303
166.804059
163.489138
159.429578
155.739846
152.527029
148.988662
145.897090
142.966299
140.230729
136.799326
134.109492
131.467966
128.402605
126.257337
123.710582
121.293606
118.641820
116.344758
113.908302
111.896021
109.577299
107.825764
105.434870
103.691870
101.865567
99.882484
98.005190
96.156614
94.473767
92.861305
91.333217
89.493381
88.069314
86.232563
84.952194
83.359460
81.839628
80.756196
79.099705
77.762970
76.472623
75.202354
73.957058
72.777595
71.813227
70.578562
69.579959
68.530290
67.399823
66.359112
65.352065
64.331037
63.343634
62.264775
61.341506
60.427968
59.510636
58.719535
57.809915
56.956036
56.197625
55.308100
54.539369
53.801439
52.844966
52.201527
51.491441
50.689146
49.945034
49.231693
48.680009
47.901019
47.098320
46.679040
46.000203
45.431165
44.753088
44.212441
43.576432
43.001166
42.534632
42.053472
41.352397
40.777666
40.413375
39.999143
39.413842
38.862216
38.238370
37.861269
37.337759
37.039430
36.547052
36.153578
35.500577
35.162037
34.677943
34.266722
33.875582
33.503055
32.990011
32.721404
32.297905
32.037863
31.559542
31.323152
30.831614
30.679666
30.161185
29.853758
29.562234
29.209885
28.923846
28.497055
28.323376
27.889809
27.600304
27.287742
27.056561
26.814030
26.534014
26.227903
25.948097
25.622645
25.379276
25.099394
24.818330
24.557627
24.307892
24.045388
23.783185
23.513445
23.453261
23.098763
22.836973
22.629171
22.387312
22.173580
21.966549
21.732683
21.502376
21.356104
21.080616
20.804476
20.612050
20.526942
20.222670
20.054778
19.848776
19.684510
19.501424
19.341280
19.204619
18.993150
18.824261
18.626360
18.533018
18.353677
18.122727
17.984556
17.815019
17.586477
17.528835
17.370206
17.163635
16.958699
16.921483
16.781448
16.527816
16.467206
16.338272
16.099345
15.940132
15.804148
15.700185
15.583950
15.426923
15.282222
15.210044
15.091721
14.882711
14.772106
14.667360
14.560302
14.443579
14.353685
14.170907
14.036467
13.972317
13.826627
13.689810
